5.541310380078627862e-01
1.392117821702316238e+00
-6.157889128376469179e-01
3.896796067969732907e-02
-3.735484411798611903e-01
6.700105235371239809e-01
-1.234533429966123919e+00
8.668985678994950428e-01
-2.272767036213620973e+00
2.216083441896523620e+00
-5.279136613911735720e-01
7.980328814879429355e-01
-5.305288113540294059e-01
-2.506449360241210123e+00
7.255221218047966936e-01
-6.319750429279664683e-01
1.066377572605346824e+00
-1.217925533846159425e+00
-8.124109654946385373e-01
-1.045300114306206840e+00
2.508992908697966762e-01
3.694095683568853761e-01
-9.588730658370683280e-01
1.192697139253450445e+00
1.189929335989323711e+00
-6.419391345277476457e-01
-1.388351412979866195e+00
-8.268556757991984973e-01
-6.349773870704705780e-01
7.504497707615075397e-01
1.961968407466572473e-01
-7.964053096032186344e-04
-1.866533460222013496e-01
-3.599908043310788841e-01
5.506303034614881131e-01
1.753592649244517521e+00
-8.068098705662686276e-01
-1.575436069441535913e+00
-9.218364249984714598e-02
-1.078187727935443263e+00
-5.958326575331234221e-01
-3.022860845550649489e-01
-1.045637151535476095e+00
3.457002497256216889e-01
1.314284121318119447e-01
-1.108647733574613437e+00
4.177299244012678409e-02
3.265015677420514406e-02
-1.366192260085100196e+00
1.240752480024672894e-01
-7.909715887238587539e-01
-3.979740701442339712e-01
9.184541572942402921e-01
-1.309408449943585961e-01
-1.207753983691681743e+00
1.554466571564642630e+00
2.157819536346979206e+00
-1.579879828069611136e+00
1.525814746880972184e+00
-5.469377164464602759e-01
-2.720334593700616810e-01
3.105620607416011980e-01
1.796411352429181152e+00
-1.374226091101496128e-01
-1.307005625952172956e+00
2.250934518310168109e+00
3.236066317476889442e-01
1.399405941571060241e+00
6.884512214164109078e-01
-2.303781653992649503e-01
1.220956054924539291e+00
1.091192423710382053e+00
-8.183100684320652185e-01
-1.266797400573322907e+00
1.349622117380158359e+00
-1.072518099483068532e+00
-1.030905528938327320e+00
-1.258940546100425495e+00
-3.563947245901453176e-01
6.344349322005716774e-01
-5.090961493639798580e-02
1.108439553906600317e+00
-6.229270586236387297e-01
7.581910407102986360e-01
-1.710841309953759770e-01
1.624042422918844597e+00
1.041324997983376494e-01
-5.582045941194754279e-01
6.004276534645022201e-01
-1.572659924053730895e+00
2.429691160355197319e-02
1.723530063777501953e-01
-1.371183101347585864e-01
-5.199603700725011768e-01
-1.039043595395660935e+00
-1.020864203681409954e+00
4.404853506146650388e-01
-2.399520082190238046e+00
3.258578940019692116e-02
3.427955343496355667e+00
